1 2 3 2
-1 -2 1
-1 -3 0
-2 -3 1
4 5 6 3 -> 2 1
-4 -5 0 -> 1
-4 -6 0 -> 1 2
-5 -6 0 ->   1
7 8 9 1
-7 -8 2
-7 -9 1
-8 -9 1
-1 -4 0 -> 1
-1 -7 1
-4 -7 1 -> 2
-2 -5 1
-2 -8 2
-5 -8 1
-3 -6 0 ->   1
-3 -9 0
-6 -9 0
-1 -5 0
-1 -9 0
-5 -9 0
-4 -8 1 -> 2
-2 -6 1
-2 -4 1 -> 2
-3 -5 0
-3 -7 1
-5 -7 1
-6 -8 1
1 0 1 1 1 1 0 0 1 
0   0 0   0
1

Literal 1: 1 -2 -3 -13 -14 -22 -23 
Literal 2: 1 -2 -4 -16 -17 -26 -27 
Literal 3: 1 -3 -4 -19 -20 -28 -29 
Literal 4: 5 -6 -7 -13 -15 -25 -27 
Literal 5: 5 -6 -8 -16 -18 -22 -24 -28 -30 
Literal 6: 5 -7 -8 -19 -21 -26 -31 
Literal 7: 9 -10 -11 -14 -15 -29 -30 
Literal 8: 9 -10 -12 -17 -18 -25 -31 
Literal 9: 9 -11 -12 -20 -21 -23 -24 